111.08499925
111.715
111.4349995
111.107502
111.8925
110.9625015
109.995001
109.73499875
108.379999
106.88000125
106.3274995
107.74250225
108.94999875
110.03249925
110.6974985
110.11500175
108.932499
110.45500175
111.64249975
112.31249825
113.65500075
114.0625
114.95750025
114.72749725
117.967499
117.3724995
116.64999975
116.9074995
116.482502
117.82749925
117.375
117.70249725
116.73250175
117.35499925
117.22249975
115.63500025
114.109999
113.76499725
113.20000275
113.24999825
112.6399995
112.670002
112.7350025
113.9274995
112.902498
112.3649995
113.36750025
114.47750075
113.45750025
113.312502
114.550001
115.05249975
114.6625005
110.53249925
107.8724995
104.085001
104.1549985
106.319998
108.00500125
107.852501
107.5625
106.322502
105.99250025
105.95000075
106.7925015
107.15250025
107.379999
108.25749975
108.82249825
108.57999975
109.04500025
109.2325
109.0074995
109.612499
108.81000125
108.045
108.30749875
108.34250075
108.49750125
107.85500175
106.8950005
105.682501
105.302498
105.1500015
105.25500325
104.157501
103.60999875
103.579998
96.96999925
97.8374975
98.88250175
99.84749975
100.039999
99.69249925
99.3149985
98.875
98.1224995
97.19750025
97.352499
97.027502
96.5275
95.9400005
95.040001
95.0599995
95.795
95.0275
94.13750075
93.07250025
92.397501
93.405003
95.89500025
96.01
95.470001
95.67499925
95.9750025
96.955
97.6000005
97.5025005
98.06249975
98.7975005
99.14999975
99.04999925
99.27750025
99.01499925
97.85749825
97.447498
98.83749975
99.67000025
99.87750025
99.8650015
99.035
97.51249875
96.29000075
94.95249925
94.26249875
94.455
93.9375
93.07749925
90.54749875
91.32749925
93.005001
93.10750025
93.0374985
92.84749975
93.4974995
94.77750025
94.69999875
93.522501
93.73999975
96.1425
97.05249975
104.36750225
105.0600015
105.447502
106.3374995
106.9799975
107.255001
108.06500025
110.99750125
111.8600005
111.49500075
109.7350005
109.35750025
108.87750075
109.25749975
110.3425005
109.86750025
111
109.2424985
109.3724995
109.307499
106.30999925
105.6100005
105.5699995
106.3950005
106.11750025
106.15750125
105.987499
105.6875
105.369999
104.39249975
102.280001
102.06999975
101.2425005
101.07
100.9925005
102.01250075
102.625002
101.0599995
100.4475
99.092499
97.107502
97.1775
96.20500175
94.9449995
95.53500175
96.50249875
96.1500015
97.51999825
97.2875005
95.77999875
93.9225005
93.69999875
95.15999775
94.78750025
94.21999925
95.2874985
96.24500075
95.567499
95.05500025
96.2525005
95.95499775
93.69749825
94.857498
99.71749875
100.42499925
99.96999925
96.545
95.87499975
97.3050025
96.5999985
98.42499925
99.050001
100.01
98.4749985
97.84500125
97.9224985
100.87500025
104.18000025
103.8325005
106.03000075
107.94499975
107.9974995
107.0699995
108.494999
107.98249825
107.20000075
106.887501
107.5674995
110.55750075
110.79999925
111.39500025
111.782501
114.15249975
116.16500075
116.5075015
117.80249975
118.73250025
117.17000025
115.6900005
116.9524995
117.93999875
118.36250125
118.02750025
118.59749975
118.17
118.522499
119.317499
118.2325
116.51000025
114.24500075
112.69999875
113.8449975
116.11250125
116.27750025
116.94999925
120.8475
121.15
121.4099995
122.6425
121.887499
120.73750125
120.289999
119.54749875
117.8899995
115.120001
116.602499
117.835001
114.8575
114.26000025
112.52499775
111.09750175
111.33749975
111.34499925
110.64499875
111.4349995
112.13000075
110.9725
109.52250075
110.9249995
110.8624975
110.27499975
109.237501
108.89500075
110.18500125
110.81500075
113.3250005
115.465
114.03000075
113.99250025
113.369999
114.477501
112.9575005
114.94750025
116.16000175
115.789999
115.91
112.99250025
111.5049995
111.9249995
111.734999
109.29999925
111.42000025
111.009998
109.27750025
112.83
112.5774995
112.102499
107.93
107.365
99.69750225
108.4350015
113.17749975
115.57749925
116.595001
116.58750175
115.14999975
115.5325015
113.204998
115.7024995
118.19249925
115.21249975
115.43000025
114.47249975
115.7524985
120.00749975
121.862501
122.2425005
122.97749925
123.30500025
122.89749925
124.865
125.87749875
123.67499925
131.71000275
131.6775015
129.1574975
128.0424995
126.31750125
125.7650015
125.19250125
122.5699995
121.79999925
123.55750075
125.375
125.50500075
126.33250025
126.6075
125.495001
125.2350005
127.2299995
128.2649995
128.0600015
127.25
127.55999975
127.13249975
127.65999975
127.40999975
127.2124995
126.49249825
127.70000075
129.1074945
128.49749925
126.955
128.1850015
129.04999925
129.60750225
130.40499875
129.95000475
130.5649985
130.7149965
131.67250075
131.17249675
131.0625
132.1274985
130.73000325
130.0949975
130.32000325
129.41250225
128.88500575
128.1175005
126.30500225
125.7924995
126.7249985
127.00750175
125.0324995
125.42000025
127.04499825
129.25749975
127.62000075
126.7525005
129.6725005
132.28250125
132.30999775
130.15750125
129.1324995
127.699997
127.47000125
126.61499775
125.22500025
126.414999
126.5825005
126.625002
127.60000025
126.379999
125.9125005
125.70499975
126.93749975
125.91500075
125.02499975
124.32250025
125.34249875
125.205002
123.85750025
123.61999875
125.02999875
127.129999
127.17499925
126.9275
128.2250005
127.750002
126.47750125
124.1624985
123.9925005
123.3224985
123.467499
125.4850025
127.43250075
127.65749725
127.375002
128.880001
128.982502
129.2299995
129.31750475
129.17249675
130.02499775
132.470001
131.420002
128.9174995
128.5724985
128.1449985
127.78000075
126.8225005
126.3925
123.767498
121.12500025
119.135
119.4124985
119.8600005
119.2199995
118.46249975
117.9825
118.102501
117.4925005
116.592499
110.76749975
113.5
112.64000125
111.2125015
109.45749875
108.0074995
106.449999
108.3850005
109.4575005
110.840002
110.8199995
112.03499975
110.49250025
107.46249775
106.215
107.15000175
109.87750025
111.63499825
113.04749875
114.04249975
113.15499875
112.32750125
112.89000125
112.64000125
112.23500075
111.95750275
108.29750075
107.38500225
109.219999
110.41000175
112.255001
113.1875
111.9900015
113.19250125
115.42749975
115.93749825
115.78499975
114.15749925
116.09999875
118.9125005
118.4675005
118.46749875
117.71749875
116.8950005
115.73250025
114.91250025
114.747501
114.70999925
113.18250075
112.4174995
110.3575
109.137499
108.96249975
108.90750125
108.47249975
108.84749975
108.7924995
108.982502
107.8150005
106.7975005
106.9300005
106.057499
105.03499975
105.1049995
104.397501
103.13499825
102.444998
99.0650005
97.744999
96.2350025
97.460001
99.557499
100.68249925
100.93750175
101.387499
99.745001
99.2575015
99.91
99.57750125
99.35750025
99.78999875
100.9074995
99.4575005
99.60750025
99.20250125
101.98999975
101.68
101.3950005
101.5249995
101.90749925
101.3099995
100.20250125
102.2325
101.53500175
100.72500225
99.47000125
99.07250025
98.75500125
98.86750025
98.7124995
100.95499975
103.205
102.615
102.04499825
101.60499775
101.1674995
101.69499975
100.817501
100.55000125
100.51249875
99.98500075
98.750002
97.732502
97.30000125
96.66749975
96.125
95.54499825
94.27499975
94.8649995
94.97500025
95.13000125
95.92749975
95.615
96.38500025
98.23999975
98.85000025
98.4074995
97.24999775
96.9524995
96.41499875
94.60250075
94.41250025
93.9524995
93.9924985
95.897499
96
96.21249975
95.3325005
94.46750075
95.385
95.584999
95.049999
93.749998
93.625
93.55999775
92.71249925
91.3925
90.53000275
90.22999975
90.73999975
91.09250075
91.55250175
91.94750025
92.022499
92.2225
91.977499
91.69999875
93.08750175
94.05500025
94.4000015
93.00749775
647.800007
646.38249775
641.56500425
633.2474975
629.98500625
636.012501
631.967495
625.90999975
620.75000175
610.64500425
606.95499975
604.724989
604.087511
601.7750015
592.267494
592.039999
593.8600005
592.750002
590.3449935
584.1650125
589.26251225
593.14998425
598.75750925
595.52499175
592.20750625
591.1600055
592.989994
592.889992
583.7975005
568.10499225
566.677509
527.34750375
529.58500475
528.15248875
522.97500025
518.0724985
517.7999955
520.737499
519.6450175
527.39251125
526.36750775
523.36251275
526.06999775
535.55251125
540.0800115
542.16749575
539.5125085
538.177498
537.092493
538.52499575
543.54001025
542.957487
538.29250725
531.2199955
529.6524965
532.189991
528.61749275
527.56499875
526.842499
534.22750075
535.1174945
535.71749475
530.23750275
529.8900185
531.519989
531.789995
530.662493
526.16
527.5474815
522.41000725
520.390001
525.502508
525.76001725
529.30248825
532.5349925
540.84000225
547.197504
543.41250425
539.53499225
536.41749775
533.455
524.40999975
520.342497
510.96999925
510.16999425
506.715002
502.79250925
497.71498325
501.3799935
502.672506
508.08249675
550.28000475
550.11000075
551.857504
551.87998775
545.137497
546.03000075
554.420019
555.6850015
542.2500075
534.50501075
536.16998875
541.38249775
541.6299935
542.06000325
540.44499975
546.992506
554.46500025
557.61750225
556.097494
561.954998
566.21999525
568.8674925
567.89250375
547.71999925
546.922491
547.6799985
555.904993
557.54250725
558.45749475
562.01250275
564.7549955
564.552494
564.45249175
563.03248625
570.52500725
565.1275005
562.16999625
556.0949975
552.922495
540.41749575
529.41498775
522.9074955
520.002489
518.40500275
517.24498925
519.98248875
522.2525005
526.2874925
525.52999875
519.45999325
519.64998425
518.7800045
517.215002
516.910015
522.03250875
525.480011
523.37000275
521.17250225
524.11498625
522.26251375
526.685005
528.28249175
528.9050025
527.95750425
522.157505
520.69000825
517.2375125
507.46249575
502.234993
500.91500275
498.4275095
493.199993
489.69999325
490.09498225
484.324997
485.515011
488.0774995
482.522499
486.7525025
487.68499375
483.48249425
477.517498
482.9799995
486.17000575
485.44998925
491.8174915
491.56250575
472.48999975
472.020002
463.7175025
452.62250225
454.98748975
467.6924935
470.650011
468.304991
499.44750575
505.64249425
496.49749175
497.459984
499.19250675
492.40749175
489.6674955
492.745016
489.6750125
493.8499945
503.6049975
501.74750525
502.9324855
503.574997
505.542492
507.45499225
501.06999975
496.4524975
498.507511
480.80501
462.375002
456.79998775
461.730007
464.38749125
466.8325005
466.74000175
460.01500125
455.62248425
453.57249075
452.41500075
444.69500425
437.91750625
439.10249975
439.8224965
422.665001
427.7475005
429.09500125
432.65500275
430.11250775
427.89999375
427.17750075
426.840003
424.9149925
420.84499925
417.45749175
416.70250125
419.1124965
420.52249525
414.8875065
406.34999475
394.2575015
396.989994
400.60500325
403.73749825
404.16250125
415.02250275
419.322508
427.264993
432.109997
432.375003
432.560007
433.58749375
436.10999475
437.35500325
442.375005
438.58000475
441.244999
446.2975045
451.08749375
449.07250125
452.2075195
449.06000425
442.962495
445.82500375
443.005006
440.010004
442.99250225
439.37249975
437.6849975
435.852499
428.642501
432.8425035
448.765011
453.9124985
455.282503
458.7899935
461.0149975
460.7699985
458.23249075
450.91750325
444.1299915
440.767498
438.79999625
426.04749475
413.5075015
410.137498
401.68750475
404.3274985
396.194996
390.799999
398.14249725
410.444995
423.74750225
423.572505
431.79749975
434.30999375
431.7149945
426.147504
425.26249675
423.08249375
430.43249525
432.73750125
430.48249625
435.562499
446.480005
454.0174945
463.23750475
465.000002
457.92500675
452.75750525
454.1799945
455.86499975
448.9574985
440.7675045
432.60500125
429.164996
432.620002
432.94249925
431.3900005
427.03749775
429.96249775
427.1399965
423.76249625
434.15750025
443.68000775
446.52250275
445.49750625
448.58500025
449.564996
446.0125045
453.2575035
459.417511
464.77250675
466.69251075
467.7699985
474.3825
478.65500075
474.010008
463.89750675
458.225014
450.96249775
448.54249575
455.14000325
456.6825085
457.73250575
457.272495
444.182496
445.70000075
456.61999725
510.6449985
503.460001
499.284992
506.44251275
500.66749375
491.64750075
502.61000825
521.41001125
524.0749855
520.15000925
526.914997
522.5999985
532.1074925
545.162491
549.869995
521.77499975
510.6200045
512.37749475
515.64500625
520.869999
515.427498
525.20251475
529.244997
528.512497
512.24749175
512.06249425
531.07000525
542.7599925
542.02249925
528.72749525
542.96250725
537.02999475
553.92999475
577.89500225
589.98251525
585.78749275
589.7700005
579.56749725
586.2124955
582.2850095
568.317507
562.47999
564.83750725
553.45500375
522.15750525
531.317501
541.502514
542.16250225
547.53249175
544.019995
548.97499475
565.53250325
585.97749725
583.377491
586.0975
597.98251175
594.96500575
604.6075095
614.272484
618.86499225
622.49000175
623.1474935
620.56999775
636.072502
647.567505
641.61500575
631.52250475
629.98750325
637.47499075
640.65749375
634.63501925
642.1799985
658.7675075
669.4625055
667.70000825
660.029993
665.949995
673.42750925
672.032511
666.952501
681.89501975
688.94249725
701.73249625
697.884985
701.47999375
700.1349965
698.3850095
691.5274965
680.1550065
665.63499475
663.0750025
672.14499675
679.185011
674.63251675
672.93751125
670.09250625
664.58499725
667.22750075
674.74749975
674.137499
677.519993
661.939997
664.947489
660.09999475
663.022505
657.55251325
643.77749825
633.7025015
630.9699955
633.0950105
626.6600035
620.2175065
619.52749075
620.0575025
621.67999625
619.992508
614.71751425
605.3925075
610.53000825
607.10249325
593.30251125
579.39750675
576.3500135
575.05750075
604.122492
597.960001
608.86751375
611.73749925
606.18750575
608.094986
607.1675015
603.777504
598.822504
603.85750575
612.83999425
609.2999935
605.7474955
606.1224975
597.07249075
588.58
580.06250175
570.08250025
574.53999925
571.29499825
574.56001275
579.6875
582.19249725
585.999994
585.9775105
578.7499885
572.324995
570.882492
573.885004
573.484995
579.504986
575.37499775
574.20750825
569.64500025
562.22500425
560.447487
565.83
577.85751175
573.72999375
570.6199895
562.7999975
569.72999575
563.52251075
563.245014
547.8424855
532.4824945
538.2625065
549.515007
557.3974975
561.47500025
567.63251125
572.35498275
566.927515
566.99750325
566.24500275
571.465002
586.005001
583.11998175
586.255007
590.79500375
603.687502
609.69749275
612.409998
561.39499825
568.9000035
582.350004
594.22748575
611.2549915
592.63750275
594.67999275
614.387493
624.90000325
630.65249825
634.59250825
631.87500975
629.680006
622.87999725
627.834997
609.902504
604.20499025
611.6075095
616.93999475
610.7500135
602.29499975
598.18499925
599.28749475
604.075001
600.96249975
597.572502
584.37248025
590.93249725
584.437502
562.39251125
549.99499125
545.0575085
537.94749275
532.1425
525.9574985
538.01501075
544.68500325
544.9049815
541.8275145
531.1575105
522.96250325
520.90499325