26121.994629
25942.35546875
26040.19775375
25923.5371095
26000.01220725
26219.05957025
26284.447266
26417.06005875
26544.370117
27071.4248045
27529.680176
26700.9350585
27545.50000025
27469.14013675
27358.05517575
27487.084961
27596.6679685
27929.55517575
27928.657715
27837.0654295
27924.29296875
28118.90234375
28167.067383
28090.4799805
28101.370117
28038.4921875
27856.23046875
27649.40576175
27674.3847655
27823.04687525
28127.8950195
28077.737793
28191.08544925
28328.31787125
28339.78515625
28108.37207
27836.44287125
28111.540039
28267.1381835
28302.199707
28457.0371095
28732.7529295
28776.2651365
28553.3725585
28598.29980475
28632.10498025
28598.14013675
28394.08740225
28348.3779295
28391.762207
28919.532715
28976.64501975
28985.294922
28813.489746
28510.01025375
28454.50732425
28429.94238275
28211.03759775
27845.37011725
27824.46777325
27974.24023425
28048.36230475
27971.5454105
28033.734863
28120.7700195
28123.0625
28050.39990225
28099.09960925
28044.13232425
27816.31494125
27947.034668
28155.277832
28179.73291
27948.75244125
27791.03271475
27842.1499025
28042.4902345
28061.14453125
28139.01709
28155.624512
28027.8203125
28043.637207
27924.04492225
27750.9052735
27841.72216775
27846.6201175
27760.584961
27844.62744125
27896.80224625
27882.7075195
27852.055176
27743.12548825
27497.657715
27187.01513675
27211.65771475
27245.88769525
27307.4799805
27128.5
26966.9277345
26687.50537125
26474.25048825
26376.7504885
26278.0927735
26888.2299805
26765.51709
26850.10986325
26674.3500975
26637.205078
26553.107422
26606.5771485
26407.117676
26398.894531
26742.64257825
26861.300293
27046.255371
26938.842285
26826.56201175
26890.61767575
26765.89990225
26731.87500025
26721.12255875
26709.66015625
26538.0595705
26178.84472675
25660.432129
25271.095703
25351.27978525
25372.07031275
25545.027832
25656.62255875
25797.70507825
25555.52783225
25593.36718725
25730.529785
25579.4301755
25719.919922
25505.807129
25192.64501975
25251.727539
25154.83447275
25407.18505875
25477.2475585
25599.7470705
25835.7719725
25999.67724625
25804.067871
25761.7294925
25856.13281225
25930.8125
25864.91748075
25788.41699225
25503.772461
25094.62988275
24846.169922
24671.044922
24836.205078
24928.57519525
25116.494629
25345.31787125
25261.4072265
25352.36230475
25203.72509775
24943.152832
25177.98486325
25296.07275375
25281.63232425
25152.1621095
24837.682617
24763.59228525
24570.3725585
24685.314453
24825.131836
24677.1103515
24681.97753925
24648.397461
24654.31250025
24650.48046875
24504.36230475
24153.0629885
23471.83496075
23019.5825195
23136.307617
23043.05517575
23204.55224625
23618.50976575
23775.5395505
23658.07763675
23592.31298825
23243.7124025
23434.2998045
23399.464844
22952.0126955
23344.46777375
23818.0654295
24032.1225585
24455.15478525
24499.00488275
24365.90722675
24303.427246
24699.12255875
24899.48779275
24617.4902345
24484.78710925
24559.8378905
24527.790039
24287.660156
24092.697754
24138.3344725
24386.9223635
24313.99707025
24667.7421875
24717.71289075
24750.74462875
24756.09228525
24793.23242175
24968.53027325
25033.14453125
25506.2075195
25651.38720725
25863.23974575
26046.984863
26038.33691425
26070.84716825
25955.72998025
25854.605469
25778.23242175
25648.52539075
25583.14990225
25638.72753925
25670.01025375
25460.5527345
25231.359375
25036.9575195
25143.192383
25178.18798825
25166.14013675
25399.50244125
25634.8393555
25720.48535175
25997.921875
26163.834961
26184.55468725
26152.09765625
26063.34228525
25878.57275375
25791.69238275
25867.38232425
25888.2978515
25742.4697265
25665.977539
25860.83496075
25664.522461
25649.8598635
25900.049805
25910.16748075
25945.117676
26294.57226575
26415.75
26641.82763675
26624.50537125
26600.85009775
26765.699707
26953.762207
27063.85302775
27262.580078
27468.334961
27478.55566425
27308.950195
27339.550293
27326.30957025
27108.4350585
26931.762207
26780.58496075
26839.60937475
27076.8745115
27041.36474625
26961.284668
26990.62451175
26917.7651365
26590.675293
26291.41259775
26059.8149415
25654.1850585
25767.5004885
25820.6030275
25667.50488275
25959.1621095
26126.7402345
26237.8623045
25917.817871
25793.36718775
25746.59228525
25702.58789075
25541.58251975
25694.15478525
25133.60449225
25108.97021475
25467.23046875
25692.66210925
25669.99218775
25886.1074215
26368.10009775
26473.18017575
26153.68457025
25898.02490225
25842.97265625
26206.770508
27345.1074215
27773.9423825
27881.52294925
27892.20019525
27951.72753875
27869.8027345
27618.041992
27688.9448245
28022.57470725
28196.98486325
28273.2749025
28278.41552725
28203.1274415
28106.9521485
28152.71728525
27976.18750025
27723.9003905
27545.817383
27545.62060575
27831.56298825
28247.3027345
28451.3774415
28320.419922
28305.08056625
28458.33984375
28484.50292975
28357.51464875
28106.31982425
27948.09277375
27835.1850585
27656.78027375
27648.4702145
27846.584961
28202.847168
28019.01757825
28024.6967775
28017.12304675
27935.919922
27698.42480475
27500.182617
27822.3950195
27790.175293
27794.3798825
27778.432129
27589.18505875
27282.727539
27029.61767575
26840.1103515
26596.1621095
26530.415039
26390.56787075
26670.00781275
26696.462402
26508.62744125
26659.33251975
26830.29248025
26813.7177735
27010.589844
27532.08007825
27829.1972655
27684.25488275
27536.68505875
27492.89550775
27578.63720675
27763.68505825
27926.70214825
27829.7197265
27808.37792975
27688.727539
27550.130371
27274.30761725
27184.709961
27081.1552735
27180.1728515
27383.0600585
26982.60791
26648.7021485
27092.379883
27485.850586
27348.12988275
27098.23779275
27098.23779275
27309.2851565
27291.84521475
27362.8276365
27604.08203125
27855.31201175
27744.8876955
27777.9223635
28188.422852
28556.25488275
28729.04980475
28925.79492175
28979.00488275
28979.00488275
28858.30273425
28818.19531275
28659.727539
28503.58984375
28402.300293
28100.58984375
28100.58984375
28019.0478515
27818.5947265
27512.81982425
27694.30224625
28152.23486325
28239.11523425
28264.58740225
28355.1347655
28666.3325195
28685.67968775
28637.79492175
28487.48291025
28817.617676
28868.18505875
28709.08251975
28791.88232425
29070.534668
29391.62744125
29391.62744125
29657.94775375
29523.9121095
29457.1625975
29044.07959
28890.37548825
29090.18749975
29006.955078
29141.95263675
29329.492676
29382.04736325
29248.6401365
29178.8500975
29178.8500975
28993.57226575
28675.029785
28506.8828125
28289.07763675
28385.92773425
28795.027832
28948.6176755
28992.81445325
29092.75292975
29123.137695
29474.79736325
29579.29785125
29582.22265625
29481.84228525
29260.64501975
29260.64501975
28979.1123045
28870.654785
28565.9145505
28260.817383
28074.977539
27951.25488275
27373.7529295
27508.01513675
27513.382324
27372.46777325
27217.9575195
26929.9921875
27329.4204105
27918.02246075
27716.47753925
27432.74023425
27418.1074215
27364.159668
27641.45263675
27572.3120115
27363.41259775
27065.47998025
26693.86767575
26974.55468775
27238.2646485
27490.50292975
27683.54003925
27789.584961
27963.1450195
28286.09228525
28530.8500975
28609.369629
28447.6030275
28482.33056675
28663.9799805
28622.76513675
28410.647949
28359.80761725
28404.3828125
28462.24755875
28208.44775375
28050.54003925
28121.067383
28193.77929675
28080.90283225
28000.5825195
27977.66015625
28013.1655275
27902.157715
27896.7226565
27872.958008
27922.777832
27889.660156
27659.3725585
27231.12988275
27053.267578
26835.21044925
26858.56787125
26874.617676
26775.08544925
26537.6274415
26437.71240225
26054.4594725
26163.9375
26412.387207
26298.74755825
26416.6625975
26528.63964875
26241.21484375
26395.0253905
26620.34521475
26643.46533225
26631.324707
26499.285156
26610.19238275
26741.83203125
27005.40234375
27097.147461
27131.16503925
26830.345215
26613.21289075
26668.182129
26900.90283175
27042.9921875
27048.59228525
27139.47460925
27271.77734375
27241.12988275
27063.33007825
27098.09716825
27140.217285
26969.16796875
26808.35546875
26626.58984375
26551.2524415
26397.385254
26489.92773425
26432.62744125
26352.52246075
26398.1767575
26455.43505875
26250.75976575
26032.97021475
25886.20703125
25783.82958975
25496.64990225
25343.92480475
25640.4555665
25770.33740225
25804.13232425
25660.16015625
25639.14257825
25993.35791
26014.0200195
26061.6953125
26172.8427735
26207.677246
26116.657715
25910.2631835
25757.64257825
25588.67041025
25552.39257825
25430.3549805
25151.08789075
25021.97509775
25259.967285
25511.71044925
25527.2075195
25858.626953
26064.0078125
25861.925293
25873.06982425
25756.61767575
25506.239746
25308.46044925
25118.637207
25152.7299805
25359.3554685
25253.8125
25053.892578
25168.88476575
25256.1000975
25383.75488275
25340.2578125
25190.58007825
25441.28515625
25548.60791025
25556.5073245
25587.11962875
25566.3549805
25287.577637
24884.20800775
24853.6723635
24776.71044925
24508.2749025
24258.88476575
24372.99511725
24569.959961
24624.3125
24809.9731445
24611.2822265
24410.265137
24319.62744125
24454.72021475
24314.9580075
24410.51757775
23857.387207
23857.75732425
23849.79980475
23290.91015625
22683.720215
22361.587402
22407.98535175
22524.75293
22451.0996095
22465.01220725
22475.213379
22561.4799805
22666.93701175
22794.130371
22838.20996075
22777.56738275
22710.477539
22479.369629
22386.2402345
22584.14257825
22619.270508
22720.4277345
22552.88476575
22344.53466825
22436.64306675
22524.29736325
22541.90771475
22420.772461
22382.60009775
22290.6225585
22183.1572265
22105.697754
22000.087891
21946.20507825
21794.31982425
21773.90234375
21845.84472675
21877.090332
21721.16308575
21805.677246
21845.90771475
21883.9697265
21895.80517575
21739.88964825
21426.30273425
21266.64453125
21080.44042975
21021.72509775
21061.419922
20930.4145505
20855.11523425
20743.2128905
20656.569824
20595.60253875
20686.7250975
20553.31787125
20433.57714875
20293.227539
20335.137207
20460.5375975
20389.29199225
20377.53515625
20387.602539
20258.70996075
20216.89453125
20120.3896485
20337.70947275
20519.8100585
20465.54492175
20718.409668
20688.5771485
20798.3842775
21220.090332
21341.93017575
21283.91503925
21245.19970725
21127.7700195
21146.4970705
21302.75732425
21193.78564475
21077.9228515
21001.092285
20778.902832
20724.9799805
20742.84765625
20766.6674805
20834.2148435
20821.8549805
21061.557617
21185.20996075
21175.5024415
21199.2675785
21164.11523425
21068.6450195
21081.98535175
21112.14453125
20934.00488275
20832.9746095
20728.70703125
20680.89990225
20694.01708975
20785.647461
21007.98291
21162.01708975
21262.9174805
21377.36767575
20981.1396485
21011.21484375
20771.28710975
20864.392578
20845.19726575
20682.38964875
20531.290039
20424.99755875
20506.0444335
20471.13769525
20264.9399415
20394.2001955
20741.84521475
20881.017578
20715.169922
20417.017578
20242.53759775
20409.66552725
20553.26025425
20718.31494175
20914.7026365
20951.569824
21054.790039
21197.70556625
21090.6347655
21000.45507825
20742.17773425
20647.19726575
20703.43749975
20796.8999025
20788.80810525
20871.8203125
20887.39013675
20697.169922
20500.072754
20619.20751975
20571.49218725
20498.06005875
20240.33740225
20068.04003925
20041.20263675
19836.325195
19917.77978525
19750.26757775
19441.70800775
19498.925293
19833.73779275
19892.944824
19860.2250975
19893.3598635
19996.9731445
20402.37011725
20522.090332
19904.1923825
19745.1171875
19850.60791025
19763.08691425
19889.11816375
19957.5947265
19725.70996075
19141.35546875
18950.47460925
18420.8149415
18602.727539
18799.737793
18499.1152345
18250.39501925
17849.5351565
18202.835449
18594.45263675
18415.82958975
18079.79736325
18206.55957025
18166.57763675
18405.35791
18941.47216825
19315.800293
19059.504883
18927.22509775
18731.89257825
18696.55517575
18914.8398435
19202.12744175
19273.4975585
19375.034668
19291.02246075
19481.83740225
19657.39941425
19811.96728525
19935.367676
20134.4570315
20288.288086
20146.60498075
20182.757324
20065.254883
19909.85986325
19794.8828125
19979.052246
19908.67236325
19584.12304725
19380.15478525
19426.2749025
19338.08984375
19545.65478475
19339.2470705
19254.82226575
19517.41015625
19468.9677735
19253.777344
18801.52197275
18604.83447275
18630.25292975
18609.04296875
18726.49804675
18886.21923825
19211.044922
19281.85693375
19251.18212925
19075.73730475
18851.0776365
19064.35302725
19266.28515625
19480.99755825
19515.15039075
19513.46484375
19536.6049805
19604.15722675
19717.965332
19967.2026365
20150.6274415
20152.84521475
20097.5375975
19885.80517575
19717.82031225
19827.012207
20108.53466775
20179.87451175
20283.004883
20259.22949225
20225.964844
20012.820313
19730.6420895
19885.38769525
20005.41015625
19979.302246
19957.22265625
19800.3725585
19623.4750975
19642.767578
19609.58984375
19484.26757825
19351.8774415
19324.3549805
19306.479492
19160.48974625
19088.57226575
18865.5527345
18761.98242175
18549.57763675
18280.62792975
18260.557617
18529.199707
18351.084961
18370.0302735
18450.24755875
18464.659668
18612.137207
18898.14013675
18947.9521485
18877.91015625
18747.29980475
18680.21728525
18795.09521475
18762.387207
18889.504883
18943.8774415
19168.02246075
19288.37011725
19513.465332
19430.432129
19431.2529295
19611.08007825
19670.86572275
19586.38476575
19328.507324
19248.9174805
19048.6118165
18872.532715
18901.26757825
19060.64746075
19113.39257775
19144.057617
19336.544922
19337.62255875
19429.6899415
19680.75
19571.9501955
19503.68261725
19453.1728515
19552.03759775
19626.732422
19518.24169925
19484.6347655
19531.20751925
19603.1000975
19689.00244125
19668.64746075
19810.74267575
19847.88476575
19939.20263675
20014.475586
20061.23046875
20116.8969725
20026.58447275
19974.364258
20000.65722625
20048.44238275
20113.62304675
20048.7197265
19899.959961
19897.0498045
19976.31005825
19808.30517575
19734.22802725
19692.92529275
19722.00537125
19704.56738275
19755.71777375
19761.02490225
19753.84960925
19712.68017575
19436.7626955
19405.182617
19402.5629885
19365.600586
19279.49755875
19313.05517575
19455.39013675
19460.42236325
19300.76709
19275.9970705
19269.2924805
19312.84765625
19395.95458975
19437.72460925
19423.052246
19465.995117
19417.84521475
19406.0249025
19315.8374025
19330.4750975
19282.1499025
19030.875488
18734.47021475
18552.62207025
18502.3500975
18513.039551
18407.14794925
18368.9023435
18332.8447265
18407.73486325
18515.916992
18668.185059
18679.98486325
18766.8149415
18806.91503925
18866.20019525
18778.34033175
18747.52978525
18732.3198245
18520.97753925
18465.56738275
18546.1396485
18651.81249975
18657.06738275
18740.00781225
18753.98730475
18714.88232425
18707.91503925
18707.125
18629.762207
18678.20703125
18681.89306625
18721.2421875
18715.3549805
18671.3222655
18799.375
18832.9399415
18987.24511725
19011.17236325
18858.342285
18798.092285
18759.0424805
18631.96972675
18630.09228525
18707.147461
18722.8027345
18610.52441425
18344.33007825
18515.180176
18589.44482425
18383.07714825
18021.01709
17953.50292975
17777.495117
17771.68212925
17634.126953
17345.03515625
17333.94287125
17395.12939475
17427.3901365
17458.39941425
17487.050293
17566.7456055
17647.725586
17732.6328125
17780.345215
17867.979492
17846.61962875
17798.47265625
17704.07226575
17703.4101565
17671.402344
17587.404785
17533.784668
17598.2299805
17637.09765625
17529.40478525
17372.64794925
17149.43505875
17218.3320315
17245.7426755
17170.13720725
17036.47753925
16858.77490225
16756.477539
16845.1674805
16907.06494125
16955.522461
17209.631836
17282.71972675
17135.55712925
17148.2353515
17176.805664
17252.01708975
17260.060547
17523.272949
17526.376953
17417.8125
17511.79492175
17500.7924805
17458.07226575
17440.49511725
17421.81738275
17286.919922
16982.2646485
16975.897461
16885.54980475
16976.28271475
16919.777832
16934.557617
16900.79541
16778.39550775
16872.85205075
16830.0371095
16778.89550775
16870.80224625
16721.050293
16748.54785175
16645.7944335
16606.885254
16287.38037125
16051.01733375
15889.77514675
16085.577881
16210.4001465
16359.4851075
16473.30273425
16341.11279275
16205.722656
16110.834961
15954.1699215
16184.57739275
16204.7299805
16009.2199705
16109.41503925
16116.40478525
16242.07763675
16262.3376465
16332.39257825
16496.125
16488.665039
16720.77783225
16747.76269525
16956.4575195
17211.43212875
17342.66259775
17265.20996125
17135.970215
17149.7475585
17161.41943325
17164.0722655
17236.34716825
17396.1953125
17457.1533205
17430.09765625
17261.04736325
17095.50976575
17188.14794925
17301.009766
17180.10058625
17228.38720725
17328.86279275
17518.324707
17578.970215
17455.11816425
17266.584961
17032.104492
17160.50976575
17223.6225585
17207.4521485
17314.285156
17401.510254
17450.4052735
17311.73291025
17398.1826175
17605.147461
17783.27001925
17950.090332
17754.25000025
17656.62988275
17421.62499975
17130.20458975
17332.5424805
17468.0024415
17633.613281
17619.847168
17837.982422
17645.87207025
17694.44238275
18012.41503925
18115.16455075
18313.92724625
18374.25
18319.5424805
18135.785156
18108.59033175
17812.2353515
17762.51757825
17770.88232425
17741.86035175
17681.95263675
17712.67968725
17718.51025375
17515.6098635
17420.6123045
17217.2456055
17090.92529275
16991.92724575
17200.2128905
17073.239746
16905.705078
16715.517578
16721.05273475
16612.94238275
16464.083008
16377.2929685
16132.01513675
16151.5776365
16073.9675295
16192.67504875
16035.67504875
15801.18725625
15830.75756825
15884.9074705
15919.285156
15797.6972655
15488.364746
15534.862305
15610.72753925
15784.11743175
15926.670166
15878.13501
15796.16015625
15666.8376465
15569.3273925
15298.7976075
15362.569824
15713.557617
15769.9396975
15958.35498025
15908.0249025
16106.39746075
16249.19775375
16644.33789025
16873.107422
16792.9853515
16664.57763675
16547.02441425
16005.387451
16095.40502925
16033.22241225
15753.3774415
15738.892334
15779.46484375
16061.04272475
16110.11499
16330.222168
16608.01025425
16792.0302735
16993.4848635
17238.41992175
17189.1953125
17498.41259775
17562.66259775
17603.48974625
17429.43701175
17441.52978525
17526.40771475
17748.1499025
17764.1625975
17312.29492175
17122.5097655
16988.455078
16886.49023425
16888.94775375
16987.50732425
16764.86718725
17079.51806625
16965.10449225
16967.50488275
16803.612793
16622.36279325
16413.5
16237.87011725
15891.392578
15973.6098635
16179.92993175
16550.85986325
16539.6801755
16534.0422365
16411.9350585
16067.62255875
16201.3273925
16584.659912
17096.42724625
16940.5097655
16796.65478525
16998.41992175
16795.5424805
16593.47802725
16556.619629
16557.819824
17024.86767575
17120.16210925
17016.708008
16727.3930665
16678.300293
16865.7626955
16604.97460925
16256.9575195
16006.57250975
16240.6623535
16390.6901855
16426.9277345
16228.65771475
16163.73486325
16682.54492175
16833.10058575
16863.984863
17029.488281
17084.19482425
17163.4829105
16735.70458975
16976.26709
17251.3320315
17843.58007825
17944
18178.715332
18331.47021475
18214.369629
18256.700195
18485.1777345
18710.660156
18806.9370115
18641.9575195
18483.29736325
18624.5478515
18586.875
18547.82958975
18676.4399415
18608.5424805
18539.1625975
18465.33447275
18767.01025375
18972.8774415
18929.98730475
18740.82714825
18778.5932615
18858.755371
18870.5532225
18795.875
18628.4072265
18459.23193375
18292.97949225
18029.87695325
17622.79296875
17595.262207
17588.455078
17667.8378905
17959.88720725
18040.007324
18212.68261725
18306.68457025
18235.56250025
18310.217285
18389.0302735
18428.43212875
18437.02734375
18370.35742175
18487.345215
18462.81738275
18571.67724625
18390.824707
18282.8725585
18189.37744125
17974.3100585
17896.52246075
18018.18261725
18125.61767575
18279.225586
18141.07763675
18125.626953
18258.06738275
18412.567383
18474.74169925
18446.36718725
18558.7348635
18549.0371095
18542.09570325
18412.18750025
18356.28808625
18492.89453125
18760.34228525
19107.67480475
19200.02050775
19408.20996075
19526.455078
19518.6801755
19587.915039
19602.8027345
19350.24755875
19097.9296875
19300.4003905
19523.74267575
19430.7075195
19328.58496075
19534.9726565
19603.5424805
19668.125
19677.98779275
19588.65478525
19457.1000975
19411.120117
19251.20458975
19060.35058575
18891.65039075
18658.830078
18320.11279275
18086.66210925
17959.39306625
17905.91796875
18059.78222675
18208.82958975
18332.629883
18132.0776365
18306.4624025
18213.47949225
18362.72998075
18469.9628905
18362.60498075
18251.6201175
18573.7021485
18416.31738275
18217.9624025
17912.47265625
17689.6000975
17865.58691425
18234.897461
18333.027832
18304.24999975
18406.597656
18404.5844725
18287.22998075
18236.505371
18056.77441425
17573.9799805
17516.44970675
17672.3574215
17950.22460975
18082.53955075
18231.85009775
18273.46533225
18164.034668
18220.407715
18246.88525425
18515.789551
18878.46484375
19121.824707
19109.95263675
19003.0874025
18958.48974625
19049.31298825
19032.334961
18898
19079.56494125
19333.44287075
19377.65771475
19227.81738275
19454.34960975
19923.875
20278.31494125
20391.2368165
20554.0805665
20594.61523425
20471.65966825
20337.0546875
20161.4375
20038.51513675
20072.9975585
19987.97509775
20009.272949
20054.29541
20000.669922
19844.04492175
19753.74999975
19707.00732425
19751.04248025
19581.0097655
19330.68798825
19480.11718775
19764.41015625
19937.584961
20045.532715
19979.93750025
20008.3447265
19698.10009775
19430.7402345
19313.1796875
19225.25
19441.012207
19601.654785
19679.34228525
19825.46728525
19764.23730475
19900.1049805
20112.2978515
20214.85449225
20347.2353515
20750.28515625
20903.5200195
20882.8203125
20948.10791025
21030.310547
20755.46533175
20475.8950195
20363.23730475
20376.21777325
19966.987793
20028.0776365
20092.56005875
20270.20263675
20288.720215
20235.102539
20097.784668
19915.6625975
20134.41552725
20107.33544925
20328.044922
20623.85791
20456.74023425
20259.19482425
20325.419922
20275.69238275
20428.4199215
20527.19238275
20453.34765625
20530.260254
20277.17724575
19994.9501955
20050.09765625
20089.674805
20137.470215
19946.71972675
19893.8154295
19972.677246
19969.29541
19681.0600585
19526.837891
19478.635254
19435.33496075
19317.56054675
19035.59765625
18740.26709
18639.06054725
18624.85498075
18352.2324215
18245.5825195
18256.17724625
18121.812012
17955.60742175
18068.08007825
18099.2075195
18210.330078
18239.14501975
18357.76025425
18408.77001925
18417.7753905
18370.802246
18169.61474625
18066.04736325
18105.4902345
18139.5322265
18018.737305
18138.5776365
18239.10986325
18219.4399415
18168.057617
18214.8896485
18168.87255875
18126.14013675
18002.0180665
17922.154785
17967.37988275
18024.4399415
18056.1625975
18066.0654295
18148.6899415
18024.8251955
17934.317383
17921.20263675
17926.0024415
17934.8452145
17905.365723
18006.897461
17937.02246075
17924.54736325
17756.7045895
17613.265137
17541.375
17513.970215
17461.1850585
17502.534668
17580.8549805
17569.14208975
17638.92968775
17679.642578
17635.2749025
17739.800293
17715.60205075
17802.8896485
17776.447754
17611.52978475
17537.38232425
17475.2128905
17365.0703125
17231.7075195
17046.1625975
16800.62499975
16671.98974625
16708.517578
16901.83496075
17067.1450195
16916.87988275
16665.557129
16694.01489225
16898.612793
16784.88769525
16525.73291
16234.43749975
16217.942871
16533.7299805
16359.330078
16493.91992175
16596.647949
16865.20507825
16827.60009775
17128.705078
17304.75
17154.48486325
17240.3149415
17071.51757775
16833.1000975
16992.86767575
17042.9501955
17268.91796875
17451.4296875
17553.06542975
17450.1274415
17502.959961
17720.839844
17739.0698245
17621.960449
17559.2075195
17485.845215
17452.5073245
17461.79980475
17607.65771475
17759.6000975
17820.5527345
17884.64990225
17833.73291
17826.3027345
17952.9472655
17942.77490225
17817.8847655
17627.314453
17579.55273425
17658.852539
17695.67968775
17611.34960925
17493.9501955
17440.239746
17447.27294925
17553.1777345
17494.45263675
17461.45019525
17279.907715
17147.147949
17178.5268555
17131.2353515
17095.67480475
17075.95019525
17089.9975585
17004.15234375
16974.5976565
16892.29931625
16614.48730475
16400.95019525
16253.68994125
16247.63256875
16250.824951
16260.7302245
16206.170166
16372.17968775
16341.90527325
16150.13476575
16116.02758775
16053.00512675
15999.37231475
15984.98510775
15895.0876465
15990.369629
16355.56494125
16367.38525375
16296.74292025
16319.63769525
16246.0427245
16332.7148435
16484.46728475
16802.87255875
16861.61474625
17256.34521475
17494.205078
17566.37988275
17599.4750975
17581.892578
17566.08251975
17420.65039075
17490.290039
17632.165039
17577.8095705
17654.392578
17711.9106445
17631.88964825
17498.35009775
17431.6220705
17377.228027
17412.22802725
17309.46484375
16982.78027375
16674.43505875
16663.7021485
16791.9975585
16903.00488275
16888.444336
17016
17134.76269525
17181.6499025
17139.91552725
17153.7177735
17103.52929675
17052.3774415
17152.102539
17218.7001955
17217.10986325
17077.91308625
16816.15771475
16570.0129395
17016.339844
17190.66503925
17155.07958975
17126.7299805
16868.03466775
16876.98535175
17021.99707025
17012.50781275
16975.48193375
16779.6049805
16754.959473
16646.757324
16510.544922
16338.53515625
16163.68774425
15911.82495125
15704.28979525
15632.79736325
16049.557617
16125.50732425
16293.6452635
16515.77001975
16798.3779295
16844.60986325
16893.519531
17121.35986325
17320.02734375
17248.50537075
17228.1225585
17185.37500025
16867.52246075
16782.16259775
16881.35937475
16940.17773425
16862.13281225
16956.55761725
17143.9296875
17001.57031275
16848.165039
16699.557617
16686.13232425
16803.58984375
16849.7299805
16691.60791
16713.5151365
16593.69482425
16360.629883
16192.89501975
16246.7927245
16278.49243175
16138.7873535
16104.2373045
15909.5898435
15553.68774425
15473.14233425
15492.57226575
15660.2075195
15722.48486325
15828.38745125
15758.017578
15765.09252925
15605.27246075
15507.73974625
15075.642578
15003.88745125
14917.517578
14913.95727575
15055.35253925
15461.27246125
15369.88500975
14929.567627
15039.46264675
15154.0671385
15301.78271475
15702.13232425
15863.60742175
15868.1674805
15797.69287125
15575.5146485
15258.14526375
15183.62255875
15366.107666
15354.369873
15309.5249025
15086.94506825
15031.01000975
15117.852539
15027.1774905
14530.36254875
14316.2248535
14090.27246075
13714.005127
13371.98510725
13655.7299805
13769.1999515
13887.51757825
14131.66503925
14515.70776375
14727.83984375
14646.70996075
14555.579834
14651.86767575
14797.8449705
14573.4301755
14415.34252925
14374.44506825
14220.755127
14463.9174805
14395.6799315
14396.89013675
14736.232422
14847.584961
15035.1174315
15364.835205
15434.94018575
15345.994629
14857.9851075
14902.05761725
15098.78491225
14847.92504875
14888.5751955
14854.89257825
14799.08471675
14530.34228525
14223.11743175
13983.10498025
13772.219971
13940.01000975
13774.72998075
13893.464844
14168.34765625
14457.8051755
13881.7998045
12072.45019525
11819.5825195
12103.11254925
11902.00488275
11832.06494125
11978.63232425
12076.6325685
12056.22265625
12118.6450195
11891.387695
11254.154785
11176.5473635
11319.47973625
11227.93237325
10984.09765625
10884.5100095
10874.1000975
11029.3850095
11094.129883
11142.0598145
11036.69995125
10938.5073245
10816.3251955
10494.2575685
10530.495117
10248.82763675
9779.00244125
9678.78491225
9723.649658
10031.4450685
9886.07983425
9561.33520525
9530.5498045
9239.82739275
8946.282471
9002.9873045
9001.175049
8907.9350585
8847.65502925
8627.82519525
8333.142578
8197.2348635
8205.95996075
8358.932617
8448.61010725
8509.64990225
8674.08984375
8877.122803
8911.9174805
8922.7976075
8751.28710925
8873.33764625
9041.6499025
8999.2924805
9114.0351565
9464.6574705
9602.882324
9512.347656
9547.16479475
9618.2299805
9468.43725575
9236.14013675
9149.15234375
9232.60498025
9155.27490225
9210.7075195
9265.455078
9280.3774415
9164.91748075
8905.17504875
8742.23486325
8836.70507825
8866.54736325
9113.4047855
9344.397461
9229.34008825
9029.44018525
9269.49511725
9091.9101565
9192.13500975
9430.63500975
9997.9274905
10280.05981475
10193.94995125
9966.3549805
9716.94238275
9655.25756825
9391.3601075
9496.3376465
9587.6850585
9745.472412
10024.914795
10069.30004875
9882.5024415
9886.09985325
9892.74511725
9837.9648435
9522.08496075
9628.1899415
9490.82275375
9241.830078
9098.2126465
8995.1347655
8763.71728525
8631.88500975
9033.20751975
9007.174805
8888.2473145
8924.5026855
8871.89990225
8706.64233375
8427.1848145
8926.87988275
9015.5200195
9267.2172855
9566.00244125
9631.352539
10106.04272475
10339.30004875
9823.209961
9808.4799805
10512.02734375
10430.09765625
10258.21997075
9595.449951
9133.5922855
9007.839844
8383.822632
9084.0202635
9849.47753925
10309.550049
10527.982666
10236.22241225
10359.23486325
10402.00512675
11017.96752925
11636.38501
11076.442383
10576.00219725
11197.77270525
11861.57006825
12025.9125975
12712.89770525
12990.8874515
12546.839844
12804.6274415
13282.25
13602.9047855
13690.70727525
13703.36474625
14085.7751465
13894.63769525
12983.337402
13408.085205
13294.572754
13466.54467775
14200.27001925
14426.0825195
14714.07275375
14857.0825195
15001.77465825
14523.204834
14888.77734375
14827.1652835
14435.00244125
14427.18237275
14171.98242225
14421.16992175
14400.534668
14545.65258775
14280.06494125
14434.71777375
14654.75781225
14508.5800785
14688.09252925
14865.44995125
15102.2373045
15373.50512675
15455.727295
15080.33276325
15105.53491225
15198.90258775
14759.897461
14600.48999025
14359.03759775
14311.60253925
14154.84765625
13939.33251925
14314.282715
14355.477539
14899.379883
14764.6550295
13986.5373535
13773.06005875
13411.88500975
13003.88989225
12696.44995125
12854.49267575
13372.78759775
13737.02246075
13897.090088
13781.39013675
13269.33007825
13589.39746075
13272.70483425
13236.407471
13286.607422
13239.69970725
13632.55468725
13954.629883
14342.25732425
13994.86254875
14205.23754875
14347.3776855
14870.407715
15162.37011725
15586.58984375
15544.19018575
15422.52514625
15247.40722625
15056.66259725
15109.82250975
14900.637451
15057.7473145
15745.94750975
15594.5473635
15735.73266625
15877.2973635
16319.6428225
16431.27001925
16461.08447275
16416.267578
16368.65234375
16403.98510725
16822.22265625
16994.9174805
17160.9350585
17274.9052735
17431.05712875
17221.13964825
16827.734863
16885.9975585
16736.5649415
16890.6870115
17135.9746095
17346.8129885
17388.56250025
17592.71728525
17556.8598635
17372.2353515
17216.46728525
17129.49316425
16960.21044925
16757.489746
16745.6870115
16730.47753925
16685.1850585
16476.24462875
16286.32763675
15917.6401365
15819.7773435
15764.67749
15649.379883
15651.9001465
15580.1674805
15609.584961
15835.0300295
15932.4675295
15632.5874025
15915.22778325
16202.0200195
15986.59497075
16169.17504875
15926.27270525
15197.642334
15179.12744125
14850.277588
15050.76733425
15589.4196775
15583.22509725
16354.14501975
15952.147461
15742.11499025
16022.33984375
16429.9125975
16500.1799315
16941.908203
17598.9995115
17811.6674805
17929.334961
17786.14746075
17496.60791
17431.54248025
17732.355469
17776.43457
18155.875
18108.51074225
17811.09765625
17533.4125975
16908.20507825
16738.21044925
16985.8325195
17491.68798825
17854.14209025
18149.169922
18623.7773435
18624.73486325
17977.65283225
17721.2958985
17922.8876955
18214.352539
17955.2924805
17943.977539
17599.46777325
17515.55712875
16503.75488275
18098.99755825
19309.87695325
19835.86230475
19885.28515625
20541.0302735
20816.850586
20732.74707025
20812.2998045
20896.8500975
20904.382324
20687.470215
20546.392578
20385.449219
20366.3203125
20333.54492175
20161.8496095
20250.31542975
20060.39013675
19587.37939475
19190.40771475
19157.87793
19200.80029275
19625.9697265
20061.745117
20291.5600585
20259.45947275
20173.16015625
19983.82470725
19957.62255875
19898.7299805
19679.62988275
19606.82226575
19554.15478525
19232.79736325
19130.31250025
19114.146973
19121.875
19229.16992175
18762.15283225
18544.4526365
18883.59277325
19425.59521475
19771.06494125
19652.9970705
19855.72265625
19647.67334025
18890.81787125
18631.52734375
19064.27246075
19074.1601565
19442.5825195
19586.91210925
19777.9819335
19655.5600585
19923.31542975
19846.1831055
19954.989746
19811.33007825
18993.2021485
18662.43261725
18597.61767575
18213.9628905
17437.4799805
17712.42480475
18448.91796875
18225.727539
19026.7470705
18801.409668
18598.5722655
18720.07763675
18568.084961
17824.27246075
17674.51513675
17823.254883
17740.49023425
17638.9824215
17313.88232425
17239.2978515
17104.282715
16962.94482425
16848.8222655
16753.255371
16460.37011725
16341.68530275
16134.90747075
15594.21752925
15590.67236325
15677.617676
15589.9750975
15565.527588
15604.0625
15500.0551755
15631.767334
15496.852295
15492.340088
15464.657715
15393.5625
15233.05761725
15136.30517575
14816.5427245
14866.13012725
14716.00219725
14320.30761725
14326.4899905
14114.06030275
14244.435059
14506.7075195
14137.33227525
14468.2700195
15025.47998025
14974.18774425
14753.842285
152892.7270525
15206.09033175
15003.66748025
14857.50244125
15124.04248075
15009.892578
15133.582031
15425.83764625
15281.49999975
15344.379883
15752.81494125
15688.8601075
15802.07006825
15636.012695
15599.72241225
15464.54980475
15270.819824
15340.02001925
15296.76000975
15259.277588
15032.830078
14925.9174805
15047.840088
15038.782471
14910.3322755
14872.2248535
14861.5148925
14768.7248535
14683.567383
14619.432373
14493.7250975
14469.64013675
14504.76513675
14475.86987325
14494.51757825
14461.977539
14392.21752925
14189.51245125
14165.71728525
14219.85009775
14149.69506825
14066.03002925
14088.42773425
14145.18994125
14091.89501975
14220.9223635
14408.08764625
14513.29736325
14565.897461
14600.7548825
14504.53735325
14467.1049805
14457.35278325
14440.40234375
14205.767578
14281.630127
14419.95483375
14436.0124515
14417.334961
14275.73730475
14271.8527835
14043.33984375
13946.89013675
13967.5773925
13728.78759775
13829.15283225
13726.9450685
13837.2751465
13963.102539
14041.5722655
14040.20214825
13822.62011725
14057.90258775
14253.237305
14162.48242175
14019.4575195
13956.76220675
13795.73266575
13560.040039
13660.2277835
13669.254883
13590.74023425
13272.00732425
13108.1726075
13215.277588
13184.3552245
13045.359863
12814.62231425
12751.15258775
12566.9851075
12626.187256
13046.5773925
12919.8203125
12953.83715825
13226.64526375
13303.3376465
13194.47241175
12827.76513675
12731.612549
12552.8225095
12488.949951
12625.08740225
12605.6101075
12937.98754875
12930.28759775
12981.5600585
12848.9523925
12666.32251
12614.362305
12548.29492175
13029.00244125
13056.94238275
13020.659912
13573.55249
13610.4375
13835.78735325
14121.625
14214.540039
14349.95996125
14415.2575685
14235.6723635
13960.57031275
14145.187744
14348.870117
14610.19995125
14640.880127
14569.5998535
14509.2526855
14461.71508825
14363.1899415
14194.8825685
14156.30493175
14255.34741225
14214.23266625
14095.01757825
14122.8051755
14199.46508775
14205.3950195
14212.4472655
14130.584961
14135.63281275
14136.330078
13896.387695
13483.277344
13459.45507775
13614.772461
13740.949951
13841.1298825
13952.869873
13979.36499025
13886.9975585
13839.774902
13879.9472655
13809.8249515
13606.7924805
13431.465088
13330.62011725
13398.38745125
13526.34497075
13646.8149415
13593.842285
13377.132324
13068.4348145
13175.62255875
13561.5351565
13893.3950195
13963.357666
13945.76489275
13975.060059
13865.62011725
13789.5100095
13675.74511725
13640.93261725
13640.28002925
13751.38232425
13701.627197
13695.5625
13674.27490225
13529.08496075
13371.2700195
13542.24755875
13513.4699705
13460.63012675
13433.1799315
13347.90014625
13219.8125
13127.002441
13100.459961
13200.3376465
13165.56494125
13103.70751975
13076.50756825
13003.4226075
12998.612549
12958.459717
12827.93481425
12672.2600095
12689.8125
12748.66992175
12796.49243175
12874.06005875
12919.79003875
12863
12689.47265625
12449.89990225
12403.97485375
12400.86718775
12348.2202145
12389.062256
12350.94995125
12300.89501975
12418.31494125
12433.88500975
12385.34008775
12377.18017575
12255.0026855
12212.4299315
12238.7026365
12223.9975585
12004.5151365
12035.42993175
12049.657715
11969.14770525
11951.25
11819.94018525
11585.642578
11746.8623045
11885.9726565
11870.977295
11932.53515625
11906.369873
11875.7875975
11734.654785
11730.65747075
11714.607422
11687.6347655
11597.26000975
11584.72485325
11440.9526365
11485.33764675
11532.70751975
11476.80249025
11472.53491225
11476.7451175
11431.0822755
11271.75268575
11171.04003925
11147.23754875
11066.8476565
10930.512451
10831.39746075
10916.92480475
10959.05004875
10811.20751975
10728.3200685
10766.817627
10714.84033225
10691.42724625
10523.4973145
10383.544922
10056.12499975
10198.477539
10308.89257825
10176.7175295
10279.91992175
10462.57739275
10701.98510775
10875.3027345
10756.06469725
10645.074951
10583.76513675
10662.7424315
10786.7475585
10778.1923825
10715.62500025
10665.29980475
10467.0825195
10197.92749025
10077.9174805
10083.97241225
10228.12475575
10270.35253925
10206.34497075
9912.39990225
9871.08740225
9926.52514675
9852.22729475
9338.38745125
9068.11987325
9194.08740225
9655.5075685
9548.160156
9456.60253925
9834.2648925
10030.7250975
10372.317627
10261.1750485
10289.732666
10467.38769525
10846.0976565
10870.540039
10832.599609
10545.70507825
10727.42016625
10614.53271475
10630.80249025
11246.100098
11762.46020525
12095.5898435
11767.094971
12034.55981425
12333.00512725
12533.7700195
12578.66503925
12476.18750025
12439.99487325
12370.32495125
12363.24731425
12253.26001
12178.71264625
11693.13501
11923.5549315
11804.01757825
11791.11767575
11983.130371
12011.63745125
11975.2475585
11890.43505875
11726.56982425
11437.01513675
11248.35009775
11513.607666
11627.53247075
11732.5251465
11706.6574705
11629.65258825
11457.34497075
11298.50756825
11278.825195
11147.21508775
11099.60986325
11043.29003925
10904.98974625
10854.95263675
10865.2197265
10932.920166
10920.1777345
10889.42749025
10864.392578
10814.0373535
10822.41528325
10677.694824
10519.262451
10617.9372555
10722.07250975
10677.732666
10622.6850585
10630.99755875
10462.942383
10326.915039
10225.55737325
10226.57250975
10261.41479525
10199.612549
10144.9851075
10017.7873535
10075.925049
10140.8999025
10121.514893
10129.164795
10146.2424315
10089.16259775
10042.60766575
10036.91992175
9867.26245125
9782.19995125
9876.71997075
9907.9350585
9906.26000975
9873.590088
9820.8149415
9640.20507825
9532.7248535
9467.19751
9509.159912
9366.7399905
9248.13769525
9335.71752925
9344.69018575
9408.3500975
9363.49487325
9512.11987325
9614.169922
9622.98999025
9626.7597655
9589.9001465
9469.69262675
9408.9523925
9369.0026855
9301.4050295
9276.94482425
9168.07006825
9163.24243175
9338.7802735
9378.34497075
9346.1049805
9371.17260725
9330.89746075
9225.8898925
9211.43017575
9253.90234375
9202.470215
9123.64257825
8990.86987325
8895.72729475
8865.88720725
8835.3950195
8900.8100585
8993.465088
8872.06762675
8888.62988275
8952.0703125
8952.98242225
8809.63500975
8705.007324
8592.02758825
8580.107422
8652.507324
8689.415039
8617.8049315
8554.2424315
8496.1975095
8405.15014675
8289.20996075
8328.834961
8275.8674315
8139.1224365
8001.02490225
7968.06250025
7808.03991675
7732.96240225
7887.4125975
7992.62988275
7990.35754375
8010.49255375
7995.340088
7995.94750975
8011.2000735
8184.94995125
8204.91491725
8291.925171
8447.87524425
8508.57983375
8507.7626955
8504.34497075
8605.88256825
8764.41748075
8755.54760725
8687.34521475
8629.522705
8637.3198245
8557.83740225
8513.3774415
8381.597412
8231.69982925
8351.99731425
8442.449951
8451.15258775
8422.102295
8333.8098145
8247.494873
8200.33496075
8163.61755375
8106.80261225
8053.59753425
8006.88000525
7942.25244125
7927.817627
7888.07238775
7854.03491175
7771.71997075
7716.1174315
7648.300049
7689.5025635
7644.88745125
7601.215088
7688.25500475
7780.66760275
7806.7700195
7856.86755375
7809.324951
7777.0699465
7805.00756825
7783.89233425
7675.7424315
7614.919922
7685.704956
7779.08996575
7797.61499025
7778.840088
7721.2749025
7644.8275145
7611.49243175
7572.52990725
7528.72509775
7471.94494625
7358.25756825
7326.64489725
7360.994995
7349.692505
7335.357544
7231.28002925
7219.35998525
7281.472412
7292.99011225
7270.5024415
7195.532593
7213.96240225
7259.555176
7253.4575195
7233.80017075
7189.93005375
7180.16748075
7084.73498525
7104.71752925
7162.40502925
7122.2750245
7127.42492675
7118.0999755
7028.49011225
6966.554932
6899.18493675
6902.3150635
6889.54504375
6848.072632
6805.9176025
6818.34509275
6841.8050535
6814.3676755
6767.49243175
6764.98254375
6705.6624755
6698.25
6733.23498525
6687.64746075
6682.074951
6714.79016125
6635.73742675
6578.57495125
6557.55993675
6523.27502425
6478.30505375
6484.49755825
6435.56750475
6507.67248525
6493.53002925
6445.22253425
6453.5599365
6425.13745125
6468.847534
6437.754883
6373.022461
6348.7524415
6255.57507325
6213.14013675
6185.842407
6216.10498025
6270.50256325
6304.50744625
6353.83239725
6354.182495
6338.3273925
6257.1674805
6206.02746575
6176.8549805
6179.28991675
6290.04248025
6474.9974365
6437.09753425
6412.5474855
6510.51745625
6587.6051025
6582.7700195
6579.16748025
6614.2299805
6549.56005875
6452.8498535
6368.54492175
6430.13745075
6502.1951905
6456.6275635
6498.0324705
6591.92248525
6685.335083
6667.87487775
6692.130005
6760.8551025
6780.432495
6835.52746575
6890.66003425
6890.98999
6896.68493625
6900.78247075
6875.00256325
6827.83508275
6742.482666
6675.4299315
6682.78503425
6641.26989725
6581.13513175
6594.51757825
6587.38745125
6559.96508775
6561.039917
6596.7073975
6580.1674805
6644.2873535
6675.01757825
6682.8825685
6615.62731925
6580.402588
6579.24987775
6538.96008325
6590.17248525
6627.4375
6588.03759775
6550.2800295
6553.2301025
6510.0024415
6335.08239775
6217.107544
6124.9925535
6153.33251975
6160.46508775
6193.9699705
6213.5823975
6179.3325195
6199.92749025
6185.027466
6171.78259275
6269.74255375
6376.20251475
6395.892456
6405.3125
6513.829956
6667.9449465
6654.1002195
6573.807373
6555.46997075
6582.88500975
6541.962402
6508.61743175
6488.777466
6429.28247075
6438.95007325
6435.68750025
6379.625
6383.29248025
6408.02990725
6373.52502475
6304.5374755
6248.7526855
6279.98498525
6281.0124515
6301.000122
6320.517334
6342.98999025
6334.2073975
6303.59765625
6233.96997075
6218.0875245
6096.93249525
6041.387451
6023.0150145
6001.8723145
5935.469971
5997.62243675
6016.527588
6012.7825925
5979.50256325
5974.25744625
5968.25
5947.85754375
5933.82250975
5927.862549
5862.159912
5850.5650635
5808.02246075
5736.59509275
5686.534912
5698.0300295
5712.83764625
5660.45007325
5613.76489275
5608.5100095
5656.01257325
5706.089966
5717.03759775
5696.2475585
5713.52001925
5693.8100585
5713.369995
5745.36254875
5779.67993175
5751.005127
5743.60742175
5762.142578
5740.994873
5630.56005875
5568.1698
5491.67504875
5485.625
5518.48754875
5536.01257325
5569.1749265
5609.36499025
5575.255127
5557.409912
5529.42761225
5444.43249525
5429.55993675
5412.16503925
5394.82251
5333.16247575
5300.9749755
5288.90002425
5255.21752925
5240.81994625
5202.91491675
5210.07006825
5209.46008325
5185.68249525
5160.0825195
5127.044922
5122.95251475
5077.43005375
5060.36755375
5050.15502925
5092.152588
5092.204956
5067.92761225
5114.6973875
5094.6224365
5114.76000975
5154.782471
5216.795044
5245.6225585
5201.05249025
5218.950073
5216.82983375
5176.43249525
5208.079956
5193.4974365
5160.2524415
5097.08752425
5077.017578
5107.7474365
5081.46008275
5066.6674805
5049.732544
4990.09484875
4962.76001
4971.13500975
4920.33740225
4870.602539
4882.049927
4929.352661
4944.8149415
4847.467529
4907.174927
4943.6950685
4888.397461
4857.79003925
4855.42004375
4838.38989275
4830.5374755
4838.96752925
4809.942627
4732.57507325
4674.26000975
4693.6099855
4738.48498525
4757.9801025
4792.74755825
4809.37487825
4815.47241225
4757.97485375
4773.05993675
4883.290039
4948.59753425
4970.4799805
4946.4375
4940.66491675
4838.48254425
4898.10253925
4890.50488275
4829.6673585
4753.79748525
4927.70495625
5059.99755875
5102.83752425
5084.92004425
5060.757568
4916.87744125
4991.5374755
4975.04260275
4730.4226075
4693.6101075
5234.8100585
5313.0874025
5334.68005375
5394.8448485
5578.557373
5703.01245125
5754.794922
5673.920044
5639.27001925
5595.67749
5668.32250975
5678.9901125
5709.9675295
5774.789795
5937.8775635
5905.880005
5838.51501475
5801.24743675
5838.40246575
5870.03247075
5879.76501475
5847.95251475
5816.887451
5827.77758775
5819.437378
5846.7349855
5837.87011725
5762.66259775
5672.34509275
5549.1101075
5558.5650635
5545.9851075
5494.46496575
5406.3898925
5396.989868
5383.28002925
5401.55236825
5434.3050535
5473.59753425
5531.074951
5495.78747575
5633.9750975
5659.81994625
5696.41491675
5792.807495
5873.03247075
5921.012329
5856.567505
5825.09252925
5834.14257825
5738.32983425
5624.567505
5621.64257825
5679.64746075
5694.0599365
5780.80993625
5840.795166
5945.722412
6047.19250525
6028.21752925
6025.920044
5971.92492675
5946.0150145
5937.58251925
5927.38500975
5869.960083
5745.25744625
5736.380005
5683.59497075
5650.517456
5769.20251475
5840.99755875
5925.669922
5911.1726075
5723.07006825
5702.05261225
5844.0723875
6012.96240225
5994.862671
6000.2249755
6144.45751975
6183.37255875
6094.23254375
6102.37500025
6176.8649905
6052.840088
5945.804932
6012.4626465
6033.05993625
5987.35742175
5832.35241725
5831.97753925
5765.6174315
5676.50512675
5604.10998525
5580.277466
5565.017578
5517.57251
5440.30493175
5428.61486825
5401.852417
5376.9799805
5316.24011225
5294.45007325
5260.41259775
5187.05249
5132.267456
5191.4124755
5220.5374755
5210.25512675
5175.54492175
5124.272461
5020.44250475
4951.05249025
4870.839966
4834.125
4799.415039
4813.59240725
4840.3150635
4926.1224365
4922.545044
4907.53259275
4998.8551025
5026.13989275
5014.3775635
4972.08752425
5025.2425535
5068.92749025
5082.88256825
5096.142456
5006.38757325
4846.5474855
4768.46008325
4727.22497575
4708.0999755
4750.93981925
4695.829956
4695.93249475
4755.2875975
4807.95263675
4898.14746075
4923.40490725
4890.31738275
4813.107544
4828.6049805
4820.91003425
4753.76745625
4673.89990225
4633.98498525
4641.8225095
4597.1826175
4510.17248525
4456.78247075
4437.88269025
4401.6899415
4342.6800535
4322.52746575
4300.755127
4180.3149415
4190.4625245
4174.78002925
4188.7299805
4272.04260275
4223.65246575
4249.56994625
4362.085083
4415.32739275
4415.31494125
4438.875
4419.52246075
4342.6275635
4293.17248525
4309.1350095
4332.79748525
4287.6173095
4246.61999525
4225.93994125
4193.6674805
4089.03247075
4067.17242425
4126.352539
4087.58245875
4044.45758075
4000.2174685
3955.932495
3930.397522
3911.6675415
3903.67498775
3873.3974
3855.5474855
3776.44995125
3754.31500225
3813.07751475
3814.470032
3806.807495
3802.50256325
3775.51245125
3740.6450195
3747.8674925
3702.80499275
3628.38751225
3574.55249025
3556.84997575
3613.47247325
3652.23248275
3702.022522
3703.8774415
3699.14245625
3714.14245625
3683.10003675
3660.66241475
3626.6224975
3631.58996625
3624.1275025
3634.15509025
3627.75994875
3613.06243925
3607.44744875
3602.77752675
3570.77001975
3541.852478
3489.45758075
3450.00500475
3482.279968
3470.11004625
3444.965027
3435.529968
3397.84753425
3345.60992425
3349.92742925
3329.01995825
3304.82257075
3313.3599855
3322.11499025
3289.22503675
3250.6875
3202.87493875
3196.51501475
3193.3649295
3178.00500475
3142.43756125
3110.874939
3095.267517
3074.9749755
3047.09246825
3049.00500475
3068.01501475
3046.8150025
3057.29241975
3038.73999
3004.99243175
2977.6499635
2954.910034
2949.530029
2952.42248525
2971.125
2987.61499025
2987.102539
2977.3774415
2955.94744875
2951.75744625
2951.1949465
2922.0099485
2926.2475585
2950.790039
2974.28253175
2987.46496575
2994.3950195
2992.75994875
3018.8775635
2993.9174195
3009.84252925
3082.887512
3148.3550415
3190.71997075
3199.9874875
3154.71496575
3139.2300415
3100.21502675
3061.40753175
3075.60247825
3115.035034
3129.2575075
3149.25506575
3127.19744875
3177.5150755
3196.2649535
3156.92749025
3114.437561
3091.05993675
3108.83001725
3131.8775635
3133.00494375
3139.1899415
3165.067444
3216.674988
3221.36004675
3257.05249025
3291.28747575
3291.20001225
3266.71752925
3275.80999725
3298.6849365
3325.07000725
3304.70251475
3299.37005625
3305.9450685
3289.772522
3266.81494125
3236.6174925
3252.78753675
3264.93499775
3268.035034
3294.130005
3282.5424195
3260.20007325
3282.17999275
3269.73504625
3230.79992675
3235.06750475
3253.32000725
3248.39251725
3259.94744875
3310.62249775
3341.19750975
3358.50006075
3349.057495
3353.147522
3374.27496325
3365.452515
3346.01745575
3333.3325195
3340.852478
3383.73748775
3376.50250225
3349.705017
3338.3824465
3348.589966
3369.209961
3383.78253175
3381.650024
3378.24255375
3399.7475585
3375.82000725
3339.70996125
3337.170044
3340.4450075
3331.42498775
3330.562561
3324.90997325
3346.0374145
3339.23748775
3316.10748275
3303.4299925
3270.5999145
3301.07507325
3271.862488
3213.3050535
3221.0550535
3255.53247075
3258.55505375
3223.69500725
3208.6850585
3182.96746825
3192.589966
3161.52252225
3141.69250475
3097.6900025
3071.69250475
3054.16998275
3016.61499025
2976.4525755
2966.96746825
2950.6450195
2951.15252675
2959.8325195
2977.73254375
2984.1849975
2985.9625245
2949.6174925
2928.785034
2894.7575075
2867.46502675
2853.882507
2885.557495
2929.13500975
2955.772461
2980.57250975
3005.42999275
3019.67498775
2998.169922
3010.727478
3001.5474245
2995.4000245
2957.75
2971.2349245
2965.125
2944.3549805
2930.92993175
2948.4125365
2967.98248275
3009.72753925
3027.4349975
3018.897461
2998.1674805
3013.34997575
3024.08996575
3014.76751725
3052.50006125
3077.710022
3092.02740475
3091.55993675
3108.97998025
3128.55499275
3112.482422
3104.82495125
3156.47497525
3182.57501225
3156.510071
3173.3775025
3200.255066
3146.81500225
3105.59252925
3093.63739025
3115.669983
3121.07751475
3101.46746825
3090.62243675
3090.03247075
3080.857483
3069.63745125
3049.80999725
3026.0549925
3030.51495325
2991.83258075
2966.32751475
2982.4400025
3027.77502425
3007.42749025
3001.8599855
2967.767456
2989.69000275
2974.84753425
3024.48498525
3016.07006875
3049.97753925
3126.357483
3135.932495
3158.46997075
3181.59259025
3236.94751
3234.6749875
3219.45245375
3254.99249275
3286.47998075
3303.53002925
3310.69244375
3346.69250475
3355.112549
3348.15997325
3324.307556
3322.6275025
3296.820007
3283.0375365
3268.699951
3237.66998275
3206.9349975
3197.6149905
3219.64001475
3229.8275755
3252.902527
3246.75500525
3263.73004125
3316.47753875
3335.66748025
3310.419983
3336.7299195
3354.737427
3348.57751475
3256.2300415
3229.3024905
3262.0975345
3231.544983
3177.50500525
3164.375061
3124.97497525
3155.482422
3150.9400025
3187.71252425
3243.18243375
3205.89501925
3151.9724735
3176.505005
3211.6799925
3315.715027
3343.8275145
3375.59503175
3408.86254875
3435.3725585
3438.9375
3439.330078
3461.6775515
3438.897522
3399.92749025
3385.237488
3375.857544
3368.89501975
3321.18005375
3335.9924315
3370.6049805
3388.2699585
3410.8200075
3396.6975095
3370.9224855
3393.512512
3423.539978
3434.352539
3435.90252675
3490.880005
3504.3324585
3493.70745825
3474.79998775
3471.30505375
3495.6499635
3513.63751225
3492.03753675
3480.840027
3509.83752425
3496.3449705
3473.830078
3472.527527
3502.705078
3533.3549805
3557.26251225
3575.37249725
3590.70996075
3628.507507
3606.97753925
3576.852478
3558.48504625
3566.25744625
3637.27252225
3674.767517
3656.085022
3626.057556
3655.74255375
3692.567505
3618.94751
3635.47003175
3715.70751925
3675.6500245
3605.72747825
3583.35003675
3572.5549925
3564.09997575
3620.2700195
3620.76251225
3584.2025145
3550.52008075
3516.30499275
3513.95251475
3517.0549315
3474.607483
3448.92504875
3379.71746825
3310.1449585
3329.755005
3337.659973
3314.98248275
3296.77001925
3316.892578
3332.9799805
3345.630005
3372.61755375
3376.31750475
3379.80249025
3379.85998525
3397.82501225
3370.039978
3357.67749025
3377.862488
3400.534973
3361.2349855
3390.80249025
3425.16748025
3424.25250225
3398.7299805
3354.125
3293.072449
3259.1875
3226.6625365
3150.90252675
3156.022461
3209.2025145
3221.5200195
3248.0999755
3260.32501225
3302.87493875
3346.142456
3366.880066
3387.64007575
3428.9575195
3435.78747575
3447.584961
3441.13256825
3446.6900025
3373.737427
3302.234985
3289.97503675
3284.78253175
3297.3550415
3326.25
3296.14495875
3265.545044
3264.23248275
3243.580078
3269.6449585
3247.619995
3150.067505
3099.28247075
3082.9924925
3091.53491225
3077.97003175
3041.32995625
3050.48748775
3058.13000525
3049.08752425
3063.31256125
3030.11749275
2972.232483
2975.392517
3026.4924925
3037.3549805
3051.85992425
3037.3174435
3020.63751225
3012.19250525
3001.817505
3022.910095
2986.035034
2962.8500365
2964.214966
2925.0375365
2868.6675415
2785.294983
2758.95001225
2798.34246825
2778.499939
2777.1224975
2802.210022
2774.157593
2696.45251475
2646.715027
2656.642578
2648.807495
2675.727539
2749.8499755
2798.0950315
2739.15502925
2709.4699705
2893.52008025
3019.25744625
3015.89251725
3169.96752925
3203.56994625
3191.329956
3210.88500975
3231.3775025
3229.01507575
3240.8775025
3262.7124635
3292.700012
3298.22253425
3318.3099975
3321.24749725
3301.05249025
3306.267517
3295.05493175
3282.097473
3322.8900145
3335.73999
3312.380005
3306.132507
3318.294983
3303.762573
3308.79998775
3326.4749755
3333.02252175
3315.8024905
3295.50256325
3310.5249635
3302.4475095
3270.18243425
3258.0200195
3282.63751225
3310.9449465
3327.25
3330.92742925
3359.369995
3369.05999775
3410.52746575
3420.982483
3448.597534
3469.18749975
3421.80004875
3352.545044
3316.63494875
3285.47753925
3306.94494625
3327.57745375
3308.00500525
3379.16503875
3447.61499
3433.29748525
3408.90753175
3407.99493425
3356.58245825
3345.459961
3388.862488
3406.88500975
3401.447571
3381.722534
3346.45251475
3400.427551
3473.397522
3503.25250225
3501.017517
3506.125061
3479.5549925
3442.03253175
3471.5775145
3475.397461
3536.41247575
3600.432495
3621.55249025
3705.22003175
3737.9075315
3693.58001725
3673.49499525
3683.54992675
3659.91503925
3644.2700195
3651.99505625
3669.67248525
3640.03247075
3598.47503675
3514.2174685
3558.8325195
3561.8499755
3573.4625245
3591.4349975
3564.29009975
3555.107483
3493.48999025
3513.69750975
3555.209961
3485.5199585
3407.14501975
3601.450012
3599.14752175
3564.35504125
3592.4375
3587.14495825
3554.5775145
3375.949951
3274.16497775
3194.6799925
3205.74749775
3395.284973
3471.3449705
3549.0725095
3618.67248525
3553.12499975
3578.06756575
3518.23748775
3658.0374755
3753.07995625
3763.51251225
3668.21502675
3632.80499275
3668.90753175
3756.6900025
3711.05249025
3698.267517
3726.48748775
3765.522522
3742.92004375
3621.0549925
3590.10247775
3827.39740025
3919.29754625
4067.87744125
4034.2698975
4036.67004375
4209.357483
4290.5324705
4159.4575195
4096.754883
4132.59252925
4194.8549805
4248.10241725
4322.057495
4361.08752425
4348.6500245
4391.7774655
4410.432617
4352.459961
4398.80737325
4417.82751475
4404.31005825
4338.44750975
4343.0875245
4385.53259275
4360.675049
4321.8948975
4293.69995125
4356.57763675
4317.857544
4203.762329
4318.272583
4320.51245125
4292.285034
4254.1674805
4170.73999025
4106.9575195
4095.4450685
4060.9699095
4054.86499025
4049.26000975
4044.334961
4097.62994375
4126.97497575
4148.3599855
4152.607422
4146.715088
4020.710022
3982.51000975
3947.160034
3921.65246575
3853.61505125
3876.1000365
3984.82250975
4020.09503175
4093.12988275
4171.214966
4146.675049
4193.51257325
4289.2199705
4263.68249525
4234.86999475
4209.6949465
4147.9000245
4114.2826535
4129.465088
4066.29248025
4059.48754875
4005.5650025
3998.442505
3999.222473
3996.74243175
3943.6849975
3868.75006125
3846.81750475
3902.459961
3906.27746575
3926.49255375
3885.36505125
3926.23248275
3972.335022
3882.0474245
3830.89001475
3978.86999525
4007.505005
3997.784973
3935.66754175
3957.012512
3924.414978
3838.35998525
3770.1400145
3686.034973
3716.24749775
3744.46502675
3704.73004125
3624.084961
3663.50756825
3746.57000725
3618.4125365
3601.17248525
3674.91748025
3823.5200195
3749.05999775
3824.5375365
3857.20501725
4008.927551
4088.200012
4087.90997325
4151.5875245
4142.8099365
4084.80737325
4097.914856
4112.84240725
4091.789978
4116.40252675